{
 "cells": [
  {
   "cell_type": "code",
   "execution_count": 1,
   "metadata": {},
   "outputs": [],
   "source": [
    "# RISK FACTORS \n",
    "'''for the portolfio... our factors will be:\n",
    "underlying currencies --> EUR, USD, JPY, CHF\n",
    "Forward AUD zero curves at maturities --> 123, 247, 276, 374\n",
    "Forein Zero curves --> USD(123), EUR(247), JPY(276), CHF(374) \n",
    "12 RISK FACTORS \n",
    "'''\n",
    "\n",
    "import pandas as pd \n",
    "import numpy as np \n",
    "import scipy.interpolate\n"
   ]
  },
  {
   "cell_type": "code",
   "execution_count": 2,
   "metadata": {},
   "outputs": [],
   "source": [
    "hist_bond_yields = pd.read_csv('hist_bond_yields.csv')\n",
    "#store array X of given yield maurities in days \n",
    "X = [0,30.41666667,60.83333333,91.25,182.5,273.75,365,730,1095,1460,1825,2190,2555,2920,3285]\n",
    "\n",
    "#Array of yields needed to be interpreted \n",
    "tointerp = [123, 247, 276, 374]\n",
    "\n",
    "df = []\n",
    "\n",
    "#to loop through hist_bond_yields \n",
    "Dateindex = list(range(0,2762))\n",
    "\n",
    "#interp function \n",
    "for row in Dateindex:\n",
    "    \n",
    "    #this is interpolation function that iterates over the bond_yields data frame row by row looking at yields \n",
    "\n",
    "    interp = scipy.interpolate.interp1d(X, hist_bond_yields.iloc[row, 1:], bounds_error=False, fill_value=scipy.nan)\n",
    "    \n",
    "    outtest = []\n",
    "    \n",
    "    for intx in tointerp:\n",
    "        \n",
    "        outtest.append(float(interp(intx)))\n",
    "        \n",
    "    df.append(outtest)\n",
    "    outtest = []\n",
    "    \n",
    "interp_yields = pd.DataFrame(df, columns = tointerp)\n",
    "\n"
   ]
  },
  {
   "cell_type": "code",
   "execution_count": 3,
   "metadata": {},
   "outputs": [
    {
     "data": {
      "text/html": [
       "<div>\n",
       "<style scoped>\n",
       "    .dataframe tbody tr th:only-of-type {\n",
       "        vertical-align: middle;\n",
       "    }\n",
       "\n",
       "    .dataframe tbody tr th {\n",
       "        vertical-align: top;\n",
       "    }\n",
       "\n",
       "    .dataframe thead th {\n",
       "        text-align: right;\n",
       "    }\n",
       "</style>\n",
       "<table border=\"1\" class=\"dataframe\">\n",
       "  <thead>\n",
       "    <tr style=\"text-align: right;\">\n",
       "      <th></th>\n",
       "      <th>123</th>\n",
       "      <th>247</th>\n",
       "      <th>276</th>\n",
       "      <th>374</th>\n",
       "    </tr>\n",
       "  </thead>\n",
       "  <tbody>\n",
       "    <tr>\n",
       "      <th>0</th>\n",
       "      <td>4.106021</td>\n",
       "      <td>3.499232</td>\n",
       "      <td>3.377000</td>\n",
       "      <td>3.319253</td>\n",
       "    </tr>\n",
       "    <tr>\n",
       "      <th>1</th>\n",
       "      <td>3.905881</td>\n",
       "      <td>3.454824</td>\n",
       "      <td>3.350345</td>\n",
       "      <td>3.314922</td>\n",
       "    </tr>\n",
       "    <tr>\n",
       "      <th>2</th>\n",
       "      <td>3.944482</td>\n",
       "      <td>3.476453</td>\n",
       "      <td>3.380691</td>\n",
       "      <td>3.338285</td>\n",
       "    </tr>\n",
       "    <tr>\n",
       "      <th>3</th>\n",
       "      <td>3.998822</td>\n",
       "      <td>3.501195</td>\n",
       "      <td>3.380691</td>\n",
       "      <td>3.338970</td>\n",
       "    </tr>\n",
       "    <tr>\n",
       "      <th>4</th>\n",
       "      <td>3.971728</td>\n",
       "      <td>3.494628</td>\n",
       "      <td>3.380683</td>\n",
       "      <td>3.338618</td>\n",
       "    </tr>\n",
       "  </tbody>\n",
       "</table>\n",
       "</div>"
      ],
      "text/plain": [
       "        123       247       276       374\n",
       "0  4.106021  3.499232  3.377000  3.319253\n",
       "1  3.905881  3.454824  3.350345  3.314922\n",
       "2  3.944482  3.476453  3.380691  3.338285\n",
       "3  3.998822  3.501195  3.380691  3.338970\n",
       "4  3.971728  3.494628  3.380683  3.338618"
      ]
     },
     "execution_count": 3,
     "metadata": {},
     "output_type": "execute_result"
    }
   ],
   "source": [
    "interp_yields.head()"
   ]
  },
  {
   "cell_type": "code",
   "execution_count": 4,
   "metadata": {},
   "outputs": [],
   "source": [
    "EUR_ZC = pd.read_csv('EUR_ZC.csv')\n",
    "JPY_ZC = pd.read_csv('JPY_ZC.csv')\n",
    "US_ZC = pd.read_csv('US_ZC.csv')\n",
    "Swiss_ZC = pd.read_csv('Swiss_ZC.csv')"
   ]
  },
  {
   "cell_type": "code",
   "execution_count": 5,
   "metadata": {},
   "outputs": [
    {
     "data": {
      "text/html": [
       "<div>\n",
       "<style scoped>\n",
       "    .dataframe tbody tr th:only-of-type {\n",
       "        vertical-align: middle;\n",
       "    }\n",
       "\n",
       "    .dataframe tbody tr th {\n",
       "        vertical-align: top;\n",
       "    }\n",
       "\n",
       "    .dataframe thead th {\n",
       "        text-align: right;\n",
       "    }\n",
       "</style>\n",
       "<table border=\"1\" class=\"dataframe\">\n",
       "  <thead>\n",
       "    <tr style=\"text-align: right;\">\n",
       "      <th></th>\n",
       "      <th>182.5</th>\n",
       "      <th>273.75</th>\n",
       "    </tr>\n",
       "  </thead>\n",
       "  <tbody>\n",
       "    <tr>\n",
       "      <th>0</th>\n",
       "      <td>2.9929</td>\n",
       "      <td>2.4867</td>\n",
       "    </tr>\n",
       "    <tr>\n",
       "      <th>1</th>\n",
       "      <td>2.9666</td>\n",
       "      <td>2.4743</td>\n",
       "    </tr>\n",
       "    <tr>\n",
       "      <th>2</th>\n",
       "      <td>2.9341</td>\n",
       "      <td>2.4625</td>\n",
       "    </tr>\n",
       "    <tr>\n",
       "      <th>3</th>\n",
       "      <td>2.9026</td>\n",
       "      <td>2.4637</td>\n",
       "    </tr>\n",
       "    <tr>\n",
       "      <th>4</th>\n",
       "      <td>2.8651</td>\n",
       "      <td>2.3881</td>\n",
       "    </tr>\n",
       "  </tbody>\n",
       "</table>\n",
       "</div>"
      ],
      "text/plain": [
       "    182.5  273.75\n",
       "0  2.9929  2.4867\n",
       "1  2.9666  2.4743\n",
       "2  2.9341  2.4625\n",
       "3  2.9026  2.4637\n",
       "4  2.8651  2.3881"
      ]
     },
     "execution_count": 5,
     "metadata": {},
     "output_type": "execute_result"
    }
   ],
   "source": [
    "EUR_ZC.head()"
   ]
  },
  {
   "cell_type": "code",
   "execution_count": 6,
   "metadata": {},
   "outputs": [],
   "source": [
    "EUR_interp = []\n",
    "for row in Dateindex:\n",
    "    interp = scipy.interpolate.interp1d([182.5, 273.75], EUR_ZC.iloc[row, :], bounds_error=False, fill_value=scipy.nan)\n",
    "    EUR_interp.append(float(interp(247)))\n",
    "    \n",
    "JPY_interp = []\n",
    "for row in Dateindex:\n",
    "    interp = scipy.interpolate.interp1d([273.75, 365], JPY_ZC.iloc[row, :], bounds_error=False, fill_value=scipy.nan)\n",
    "    JPY_interp.append(float(interp(276)))\n",
    "\n",
    "US_interp = []\n",
    "for row in Dateindex:\n",
    "    interp = scipy.interpolate.interp1d([91.25, 182.5], US_ZC.iloc[row, :], bounds_error=False, fill_value=scipy.nan)\n",
    "    US_interp.append(float(interp(123)))\n",
    "    \n",
    "Swiss_interp = []\n",
    "for row in Dateindex:\n",
    "    interp = scipy.interpolate.interp1d([365, 730], Swiss_ZC.iloc[row, :], bounds_error=False, fill_value=scipy.nan)\n",
    "    Swiss_interp.append(float(interp(374)))\n",
    "\n"
   ]
  },
  {
   "cell_type": "code",
   "execution_count": 7,
   "metadata": {},
   "outputs": [],
   "source": [
    "Foreign_interp = pd.DataFrame()\n",
    "Foreign_interp['JPY_int'] = JPY_interp\n",
    "Foreign_interp['EUR_int'] = EUR_interp\n",
    "Foreign_interp['US_int'] = US_interp\n",
    "Foreign_interp['Swiss_int'] = Swiss_interp"
   ]
  },
  {
   "cell_type": "code",
   "execution_count": 8,
   "metadata": {},
   "outputs": [
    {
     "data": {
      "text/html": [
       "<div>\n",
       "<style scoped>\n",
       "    .dataframe tbody tr th:only-of-type {\n",
       "        vertical-align: middle;\n",
       "    }\n",
       "\n",
       "    .dataframe tbody tr th {\n",
       "        vertical-align: top;\n",
       "    }\n",
       "\n",
       "    .dataframe thead th {\n",
       "        text-align: right;\n",
       "    }\n",
       "</style>\n",
       "<table border=\"1\" class=\"dataframe\">\n",
       "  <thead>\n",
       "    <tr style=\"text-align: right;\">\n",
       "      <th></th>\n",
       "      <th>JPY_int</th>\n",
       "      <th>EUR_int</th>\n",
       "      <th>US_int</th>\n",
       "      <th>Swiss_int</th>\n",
       "    </tr>\n",
       "  </thead>\n",
       "  <tbody>\n",
       "    <tr>\n",
       "      <th>0</th>\n",
       "      <td>1.485173</td>\n",
       "      <td>2.635093</td>\n",
       "      <td>1.372510</td>\n",
       "      <td>1.094895</td>\n",
       "    </tr>\n",
       "    <tr>\n",
       "      <th>1</th>\n",
       "      <td>1.485233</td>\n",
       "      <td>2.618618</td>\n",
       "      <td>1.359458</td>\n",
       "      <td>1.084288</td>\n",
       "    </tr>\n",
       "    <tr>\n",
       "      <th>2</th>\n",
       "      <td>1.386927</td>\n",
       "      <td>2.600750</td>\n",
       "      <td>1.378035</td>\n",
       "      <td>1.077877</td>\n",
       "    </tr>\n",
       "    <tr>\n",
       "      <th>3</th>\n",
       "      <td>1.387172</td>\n",
       "      <td>2.592364</td>\n",
       "      <td>1.367239</td>\n",
       "      <td>1.063958</td>\n",
       "    </tr>\n",
       "    <tr>\n",
       "      <th>4</th>\n",
       "      <td>1.386927</td>\n",
       "      <td>2.527933</td>\n",
       "      <td>1.340952</td>\n",
       "      <td>1.056178</td>\n",
       "    </tr>\n",
       "  </tbody>\n",
       "</table>\n",
       "</div>"
      ],
      "text/plain": [
       "    JPY_int   EUR_int    US_int  Swiss_int\n",
       "0  1.485173  2.635093  1.372510   1.094895\n",
       "1  1.485233  2.618618  1.359458   1.084288\n",
       "2  1.386927  2.600750  1.378035   1.077877\n",
       "3  1.387172  2.592364  1.367239   1.063958\n",
       "4  1.386927  2.527933  1.340952   1.056178"
      ]
     },
     "execution_count": 8,
     "metadata": {},
     "output_type": "execute_result"
    }
   ],
   "source": [
    "Foreign_interp.head()"
   ]
  },
  {
   "cell_type": "code",
   "execution_count": 9,
   "metadata": {},
   "outputs": [],
   "source": [
    "Foreign_interp.to_excel(r'C:\\Users\\Mat\\Documents\\foreign_rates.xlsx', index = None, header=True)\n",
    "\n",
    "interp_yields.to_excel(r'C:\\Users\\Mat\\Documents\\AUS_rates.xlsx', index = None, header=True)"
   ]
  },
  {
   "cell_type": "code",
   "execution_count": 10,
   "metadata": {},
   "outputs": [
    {
     "data": {
      "text/html": [
       "<div>\n",
       "<style scoped>\n",
       "    .dataframe tbody tr th:only-of-type {\n",
       "        vertical-align: middle;\n",
       "    }\n",
       "\n",
       "    .dataframe tbody tr th {\n",
       "        vertical-align: top;\n",
       "    }\n",
       "\n",
       "    .dataframe thead th {\n",
       "        text-align: right;\n",
       "    }\n",
       "</style>\n",
       "<table border=\"1\" class=\"dataframe\">\n",
       "  <thead>\n",
       "    <tr style=\"text-align: right;\">\n",
       "      <th></th>\n",
       "      <th>JPY_int</th>\n",
       "      <th>EUR_int</th>\n",
       "      <th>US_int</th>\n",
       "      <th>Swiss_int</th>\n",
       "      <th>AZC_123</th>\n",
       "      <th>AZC_247</th>\n",
       "      <th>AZC_276</th>\n",
       "      <th>AZC_374</th>\n",
       "      <th>EUR</th>\n",
       "      <th>USD</th>\n",
       "      <th>JPY</th>\n",
       "      <th>CHF</th>\n",
       "    </tr>\n",
       "  </thead>\n",
       "  <tbody>\n",
       "    <tr>\n",
       "      <th>0</th>\n",
       "      <td>-4.470000e-07</td>\n",
       "      <td>0.000111</td>\n",
       "      <td>0.000044</td>\n",
       "      <td>0.000109</td>\n",
       "      <td>0.000674</td>\n",
       "      <td>0.000301</td>\n",
       "      <td>2.015560e-04</td>\n",
       "      <td>0.000044</td>\n",
       "      <td>0.021320</td>\n",
       "      <td>0.005757</td>\n",
       "      <td>0.014596</td>\n",
       "      <td>0.022000</td>\n",
       "    </tr>\n",
       "    <tr>\n",
       "      <th>1</th>\n",
       "      <td>7.433490e-04</td>\n",
       "      <td>0.000121</td>\n",
       "      <td>-0.000063</td>\n",
       "      <td>0.000066</td>\n",
       "      <td>-0.000130</td>\n",
       "      <td>-0.000146</td>\n",
       "      <td>-2.294660e-04</td>\n",
       "      <td>-0.000239</td>\n",
       "      <td>0.019120</td>\n",
       "      <td>0.020315</td>\n",
       "      <td>0.030557</td>\n",
       "      <td>0.024917</td>\n",
       "    </tr>\n",
       "    <tr>\n",
       "      <th>2</th>\n",
       "      <td>-1.846000e-06</td>\n",
       "      <td>0.000057</td>\n",
       "      <td>0.000036</td>\n",
       "      <td>0.000143</td>\n",
       "      <td>-0.000183</td>\n",
       "      <td>-0.000167</td>\n",
       "      <td>0.000000e+00</td>\n",
       "      <td>-0.000007</td>\n",
       "      <td>0.025635</td>\n",
       "      <td>0.001826</td>\n",
       "      <td>0.012901</td>\n",
       "      <td>0.030393</td>\n",
       "    </tr>\n",
       "    <tr>\n",
       "      <th>3</th>\n",
       "      <td>1.846000e-06</td>\n",
       "      <td>0.000436</td>\n",
       "      <td>0.000089</td>\n",
       "      <td>0.000080</td>\n",
       "      <td>0.000091</td>\n",
       "      <td>0.000044</td>\n",
       "      <td>5.600000e-08</td>\n",
       "      <td>0.000004</td>\n",
       "      <td>0.016794</td>\n",
       "      <td>0.013801</td>\n",
       "      <td>0.021336</td>\n",
       "      <td>0.017156</td>\n",
       "    </tr>\n",
       "    <tr>\n",
       "      <th>4</th>\n",
       "      <td>-1.380000e-06</td>\n",
       "      <td>0.000281</td>\n",
       "      <td>0.000175</td>\n",
       "      <td>0.000035</td>\n",
       "      <td>-0.000093</td>\n",
       "      <td>0.000017</td>\n",
       "      <td>-5.600000e-08</td>\n",
       "      <td>0.000015</td>\n",
       "      <td>-0.032135</td>\n",
       "      <td>-0.023392</td>\n",
       "      <td>-0.036838</td>\n",
       "      <td>-0.035641</td>\n",
       "    </tr>\n",
       "  </tbody>\n",
       "</table>\n",
       "</div>"
      ],
      "text/plain": [
       "        JPY_int   EUR_int    US_int  Swiss_int   AZC_123   AZC_247  \\\n",
       "0 -4.470000e-07  0.000111  0.000044   0.000109  0.000674  0.000301   \n",
       "1  7.433490e-04  0.000121 -0.000063   0.000066 -0.000130 -0.000146   \n",
       "2 -1.846000e-06  0.000057  0.000036   0.000143 -0.000183 -0.000167   \n",
       "3  1.846000e-06  0.000436  0.000089   0.000080  0.000091  0.000044   \n",
       "4 -1.380000e-06  0.000281  0.000175   0.000035 -0.000093  0.000017   \n",
       "\n",
       "        AZC_276   AZC_374       EUR       USD       JPY       CHF  \n",
       "0  2.015560e-04  0.000044  0.021320  0.005757  0.014596  0.022000  \n",
       "1 -2.294660e-04 -0.000239  0.019120  0.020315  0.030557  0.024917  \n",
       "2  0.000000e+00 -0.000007  0.025635  0.001826  0.012901  0.030393  \n",
       "3  5.600000e-08  0.000004  0.016794  0.013801  0.021336  0.017156  \n",
       "4 -5.600000e-08  0.000015 -0.032135 -0.023392 -0.036838 -0.035641  "
      ]
     },
     "execution_count": 10,
     "metadata": {},
     "output_type": "execute_result"
    }
   ],
   "source": [
    "risk_factors = pd.read_csv('port_3_riskfactors.csv')\n",
    "risk_factors.head()"
   ]
  },
  {
   "cell_type": "code",
   "execution_count": 11,
   "metadata": {},
   "outputs": [
    {
     "data": {
      "text/html": [
       "<div>\n",
       "<style scoped>\n",
       "    .dataframe tbody tr th:only-of-type {\n",
       "        vertical-align: middle;\n",
       "    }\n",
       "\n",
       "    .dataframe tbody tr th {\n",
       "        vertical-align: top;\n",
       "    }\n",
       "\n",
       "    .dataframe thead th {\n",
       "        text-align: right;\n",
       "    }\n",
       "</style>\n",
       "<table border=\"1\" class=\"dataframe\">\n",
       "  <thead>\n",
       "    <tr style=\"text-align: right;\">\n",
       "      <th></th>\n",
       "      <th>JPY_int</th>\n",
       "      <th>EUR_int</th>\n",
       "      <th>US_int</th>\n",
       "      <th>Swiss_int</th>\n",
       "      <th>AZC_123</th>\n",
       "      <th>AZC_247</th>\n",
       "      <th>AZC_276</th>\n",
       "      <th>AZC_374</th>\n",
       "      <th>EUR</th>\n",
       "      <th>USD</th>\n",
       "      <th>JPY</th>\n",
       "      <th>CHF</th>\n",
       "    </tr>\n",
       "  </thead>\n",
       "  <tbody>\n",
       "    <tr>\n",
       "      <th>JPY_int</th>\n",
       "      <td>1.154412e-08</td>\n",
       "      <td>2.610320e-10</td>\n",
       "      <td>3.402741e-11</td>\n",
       "      <td>1.245931e-10</td>\n",
       "      <td>-1.770875e-10</td>\n",
       "      <td>4.675960e-10</td>\n",
       "      <td>8.700560e-10</td>\n",
       "      <td>1.003614e-09</td>\n",
       "      <td>-9.817562e-09</td>\n",
       "      <td>2.719090e-11</td>\n",
       "      <td>2.217364e-09</td>\n",
       "      <td>-5.846469e-09</td>\n",
       "    </tr>\n",
       "    <tr>\n",
       "      <th>EUR_int</th>\n",
       "      <td>2.610320e-10</td>\n",
       "      <td>5.063348e-09</td>\n",
       "      <td>4.230690e-10</td>\n",
       "      <td>2.887183e-09</td>\n",
       "      <td>2.478661e-10</td>\n",
       "      <td>1.742185e-09</td>\n",
       "      <td>2.641456e-09</td>\n",
       "      <td>3.773148e-09</td>\n",
       "      <td>1.635055e-08</td>\n",
       "      <td>-5.586321e-09</td>\n",
       "      <td>-1.245379e-08</td>\n",
       "      <td>-2.026858e-08</td>\n",
       "    </tr>\n",
       "    <tr>\n",
       "      <th>US_int</th>\n",
       "      <td>3.402741e-11</td>\n",
       "      <td>4.230690e-10</td>\n",
       "      <td>9.677783e-10</td>\n",
       "      <td>-1.074959e-09</td>\n",
       "      <td>-2.261108e-11</td>\n",
       "      <td>9.315004e-12</td>\n",
       "      <td>4.696050e-11</td>\n",
       "      <td>1.244886e-10</td>\n",
       "      <td>-1.051236e-09</td>\n",
       "      <td>1.890490e-08</td>\n",
       "      <td>-2.030371e-09</td>\n",
       "      <td>2.717783e-09</td>\n",
       "    </tr>\n",
       "    <tr>\n",
       "      <th>Swiss_int</th>\n",
       "      <td>1.245931e-10</td>\n",
       "      <td>2.887183e-09</td>\n",
       "      <td>-1.074959e-09</td>\n",
       "      <td>2.672688e-08</td>\n",
       "      <td>-3.253246e-10</td>\n",
       "      <td>4.161826e-09</td>\n",
       "      <td>6.983370e-09</td>\n",
       "      <td>7.687278e-09</td>\n",
       "      <td>4.345485e-09</td>\n",
       "      <td>-9.302154e-08</td>\n",
       "      <td>-1.552538e-07</td>\n",
       "      <td>-1.797669e-07</td>\n",
       "    </tr>\n",
       "    <tr>\n",
       "      <th>AZC_123</th>\n",
       "      <td>-1.770875e-10</td>\n",
       "      <td>2.478661e-10</td>\n",
       "      <td>-2.261108e-11</td>\n",
       "      <td>-3.253246e-10</td>\n",
       "      <td>5.834785e-09</td>\n",
       "      <td>6.884267e-09</td>\n",
       "      <td>5.175278e-09</td>\n",
       "      <td>7.563243e-09</td>\n",
       "      <td>-7.097490e-08</td>\n",
       "      <td>-9.694772e-08</td>\n",
       "      <td>-1.381782e-07</td>\n",
       "      <td>-9.824565e-08</td>\n",
       "    </tr>\n",
       "    <tr>\n",
       "      <th>AZC_247</th>\n",
       "      <td>4.675960e-10</td>\n",
       "      <td>1.742185e-09</td>\n",
       "      <td>9.315004e-12</td>\n",
       "      <td>4.161826e-09</td>\n",
       "      <td>6.884267e-09</td>\n",
       "      <td>4.142368e-08</td>\n",
       "      <td>5.826661e-08</td>\n",
       "      <td>8.830424e-08</td>\n",
       "      <td>-2.907377e-07</td>\n",
       "      <td>-4.260397e-07</td>\n",
       "      <td>-5.070280e-07</td>\n",
       "      <td>-4.158280e-07</td>\n",
       "    </tr>\n",
       "    <tr>\n",
       "      <th>AZC_276</th>\n",
       "      <td>8.700560e-10</td>\n",
       "      <td>2.641456e-09</td>\n",
       "      <td>4.696050e-11</td>\n",
       "      <td>6.983370e-09</td>\n",
       "      <td>5.175278e-09</td>\n",
       "      <td>5.826661e-08</td>\n",
       "      <td>8.740184e-08</td>\n",
       "      <td>1.322760e-07</td>\n",
       "      <td>-3.608043e-07</td>\n",
       "      <td>-5.511775e-07</td>\n",
       "      <td>-6.185150e-07</td>\n",
       "      <td>-5.199853e-07</td>\n",
       "    </tr>\n",
       "    <tr>\n",
       "      <th>AZC_374</th>\n",
       "      <td>1.003614e-09</td>\n",
       "      <td>3.773148e-09</td>\n",
       "      <td>1.244886e-10</td>\n",
       "      <td>7.687278e-09</td>\n",
       "      <td>7.563243e-09</td>\n",
       "      <td>8.830424e-08</td>\n",
       "      <td>1.322760e-07</td>\n",
       "      <td>2.087782e-07</td>\n",
       "      <td>-5.133899e-07</td>\n",
       "      <td>-7.915504e-07</td>\n",
       "      <td>-8.900257e-07</td>\n",
       "      <td>-7.301152e-07</td>\n",
       "    </tr>\n",
       "    <tr>\n",
       "      <th>EUR</th>\n",
       "      <td>-9.817562e-09</td>\n",
       "      <td>1.635055e-08</td>\n",
       "      <td>-1.051236e-09</td>\n",
       "      <td>4.345485e-09</td>\n",
       "      <td>-7.097490e-08</td>\n",
       "      <td>-2.907377e-07</td>\n",
       "      <td>-3.608043e-07</td>\n",
       "      <td>-5.133899e-07</td>\n",
       "      <td>3.864625e-05</td>\n",
       "      <td>2.744551e-05</td>\n",
       "      <td>3.245976e-05</td>\n",
       "      <td>3.559001e-05</td>\n",
       "    </tr>\n",
       "    <tr>\n",
       "      <th>USD</th>\n",
       "      <td>2.719090e-11</td>\n",
       "      <td>-5.586321e-09</td>\n",
       "      <td>1.890490e-08</td>\n",
       "      <td>-9.302154e-08</td>\n",
       "      <td>-9.694772e-08</td>\n",
       "      <td>-4.260397e-07</td>\n",
       "      <td>-5.511775e-07</td>\n",
       "      <td>-7.915504e-07</td>\n",
       "      <td>2.744551e-05</td>\n",
       "      <td>5.102657e-05</td>\n",
       "      <td>4.816215e-05</td>\n",
       "      <td>3.347936e-05</td>\n",
       "    </tr>\n",
       "    <tr>\n",
       "      <th>JPY</th>\n",
       "      <td>2.217364e-09</td>\n",
       "      <td>-1.245379e-08</td>\n",
       "      <td>-2.030371e-09</td>\n",
       "      <td>-1.552538e-07</td>\n",
       "      <td>-1.381782e-07</td>\n",
       "      <td>-5.070280e-07</td>\n",
       "      <td>-6.185150e-07</td>\n",
       "      <td>-8.900257e-07</td>\n",
       "      <td>3.245976e-05</td>\n",
       "      <td>4.816215e-05</td>\n",
       "      <td>8.114544e-05</td>\n",
       "      <td>4.454885e-05</td>\n",
       "    </tr>\n",
       "    <tr>\n",
       "      <th>CHF</th>\n",
       "      <td>-5.846469e-09</td>\n",
       "      <td>-2.026858e-08</td>\n",
       "      <td>2.717783e-09</td>\n",
       "      <td>-1.797669e-07</td>\n",
       "      <td>-9.824565e-08</td>\n",
       "      <td>-4.158280e-07</td>\n",
       "      <td>-5.199853e-07</td>\n",
       "      <td>-7.301152e-07</td>\n",
       "      <td>3.559001e-05</td>\n",
       "      <td>3.347936e-05</td>\n",
       "      <td>4.454885e-05</td>\n",
       "      <td>6.352706e-05</td>\n",
       "    </tr>\n",
       "  </tbody>\n",
       "</table>\n",
       "</div>"
      ],
      "text/plain": [
       "                JPY_int       EUR_int        US_int     Swiss_int  \\\n",
       "JPY_int    1.154412e-08  2.610320e-10  3.402741e-11  1.245931e-10   \n",
       "EUR_int    2.610320e-10  5.063348e-09  4.230690e-10  2.887183e-09   \n",
       "US_int     3.402741e-11  4.230690e-10  9.677783e-10 -1.074959e-09   \n",
       "Swiss_int  1.245931e-10  2.887183e-09 -1.074959e-09  2.672688e-08   \n",
       "AZC_123   -1.770875e-10  2.478661e-10 -2.261108e-11 -3.253246e-10   \n",
       "AZC_247    4.675960e-10  1.742185e-09  9.315004e-12  4.161826e-09   \n",
       "AZC_276    8.700560e-10  2.641456e-09  4.696050e-11  6.983370e-09   \n",
       "AZC_374    1.003614e-09  3.773148e-09  1.244886e-10  7.687278e-09   \n",
       "EUR       -9.817562e-09  1.635055e-08 -1.051236e-09  4.345485e-09   \n",
       "USD        2.719090e-11 -5.586321e-09  1.890490e-08 -9.302154e-08   \n",
       "JPY        2.217364e-09 -1.245379e-08 -2.030371e-09 -1.552538e-07   \n",
       "CHF       -5.846469e-09 -2.026858e-08  2.717783e-09 -1.797669e-07   \n",
       "\n",
       "                AZC_123       AZC_247       AZC_276       AZC_374  \\\n",
       "JPY_int   -1.770875e-10  4.675960e-10  8.700560e-10  1.003614e-09   \n",
       "EUR_int    2.478661e-10  1.742185e-09  2.641456e-09  3.773148e-09   \n",
       "US_int    -2.261108e-11  9.315004e-12  4.696050e-11  1.244886e-10   \n",
       "Swiss_int -3.253246e-10  4.161826e-09  6.983370e-09  7.687278e-09   \n",
       "AZC_123    5.834785e-09  6.884267e-09  5.175278e-09  7.563243e-09   \n",
       "AZC_247    6.884267e-09  4.142368e-08  5.826661e-08  8.830424e-08   \n",
       "AZC_276    5.175278e-09  5.826661e-08  8.740184e-08  1.322760e-07   \n",
       "AZC_374    7.563243e-09  8.830424e-08  1.322760e-07  2.087782e-07   \n",
       "EUR       -7.097490e-08 -2.907377e-07 -3.608043e-07 -5.133899e-07   \n",
       "USD       -9.694772e-08 -4.260397e-07 -5.511775e-07 -7.915504e-07   \n",
       "JPY       -1.381782e-07 -5.070280e-07 -6.185150e-07 -8.900257e-07   \n",
       "CHF       -9.824565e-08 -4.158280e-07 -5.199853e-07 -7.301152e-07   \n",
       "\n",
       "                    EUR           USD           JPY           CHF  \n",
       "JPY_int   -9.817562e-09  2.719090e-11  2.217364e-09 -5.846469e-09  \n",
       "EUR_int    1.635055e-08 -5.586321e-09 -1.245379e-08 -2.026858e-08  \n",
       "US_int    -1.051236e-09  1.890490e-08 -2.030371e-09  2.717783e-09  \n",
       "Swiss_int  4.345485e-09 -9.302154e-08 -1.552538e-07 -1.797669e-07  \n",
       "AZC_123   -7.097490e-08 -9.694772e-08 -1.381782e-07 -9.824565e-08  \n",
       "AZC_247   -2.907377e-07 -4.260397e-07 -5.070280e-07 -4.158280e-07  \n",
       "AZC_276   -3.608043e-07 -5.511775e-07 -6.185150e-07 -5.199853e-07  \n",
       "AZC_374   -5.133899e-07 -7.915504e-07 -8.900257e-07 -7.301152e-07  \n",
       "EUR        3.864625e-05  2.744551e-05  3.245976e-05  3.559001e-05  \n",
       "USD        2.744551e-05  5.102657e-05  4.816215e-05  3.347936e-05  \n",
       "JPY        3.245976e-05  4.816215e-05  8.114544e-05  4.454885e-05  \n",
       "CHF        3.559001e-05  3.347936e-05  4.454885e-05  6.352706e-05  "
      ]
     },
     "execution_count": 11,
     "metadata": {},
     "output_type": "execute_result"
    }
   ],
   "source": [
    "port3_cov_matrix = risk_factors.cov()\n",
    "port3_cov_matrix"
   ]
  },
  {
   "cell_type": "code",
   "execution_count": 12,
   "metadata": {},
   "outputs": [
    {
     "data": {
      "text/html": [
       "<div>\n",
       "<style scoped>\n",
       "    .dataframe tbody tr th:only-of-type {\n",
       "        vertical-align: middle;\n",
       "    }\n",
       "\n",
       "    .dataframe tbody tr th {\n",
       "        vertical-align: top;\n",
       "    }\n",
       "\n",
       "    .dataframe thead th {\n",
       "        text-align: right;\n",
       "    }\n",
       "</style>\n",
       "<table border=\"1\" class=\"dataframe\">\n",
       "  <thead>\n",
       "    <tr style=\"text-align: right;\">\n",
       "      <th></th>\n",
       "      <th>JPY_int</th>\n",
       "      <th>EUR_int</th>\n",
       "      <th>US_int</th>\n",
       "      <th>Swiss_int</th>\n",
       "      <th>AZC_123</th>\n",
       "      <th>AZC_247</th>\n",
       "      <th>AZC_276</th>\n",
       "      <th>AZC_374</th>\n",
       "      <th>EUR</th>\n",
       "      <th>USD</th>\n",
       "      <th>JPY</th>\n",
       "      <th>CHF</th>\n",
       "    </tr>\n",
       "  </thead>\n",
       "  <tbody>\n",
       "    <tr>\n",
       "      <th>JPY_int</th>\n",
       "      <td>1.000000</td>\n",
       "      <td>0.034142</td>\n",
       "      <td>0.010180</td>\n",
       "      <td>0.007093</td>\n",
       "      <td>-0.021577</td>\n",
       "      <td>0.021383</td>\n",
       "      <td>0.027391</td>\n",
       "      <td>0.020443</td>\n",
       "      <td>-0.014698</td>\n",
       "      <td>0.000035</td>\n",
       "      <td>0.002291</td>\n",
       "      <td>-0.006827</td>\n",
       "    </tr>\n",
       "    <tr>\n",
       "      <th>EUR_int</th>\n",
       "      <td>0.034142</td>\n",
       "      <td>1.000000</td>\n",
       "      <td>0.191119</td>\n",
       "      <td>0.248188</td>\n",
       "      <td>0.045602</td>\n",
       "      <td>0.120296</td>\n",
       "      <td>0.125564</td>\n",
       "      <td>0.116049</td>\n",
       "      <td>0.036962</td>\n",
       "      <td>-0.010990</td>\n",
       "      <td>-0.019429</td>\n",
       "      <td>-0.035738</td>\n",
       "    </tr>\n",
       "    <tr>\n",
       "      <th>US_int</th>\n",
       "      <td>0.010180</td>\n",
       "      <td>0.191119</td>\n",
       "      <td>1.000000</td>\n",
       "      <td>-0.211363</td>\n",
       "      <td>-0.009515</td>\n",
       "      <td>0.001471</td>\n",
       "      <td>0.005106</td>\n",
       "      <td>0.008758</td>\n",
       "      <td>-0.005436</td>\n",
       "      <td>0.085072</td>\n",
       "      <td>-0.007245</td>\n",
       "      <td>0.010961</td>\n",
       "    </tr>\n",
       "    <tr>\n",
       "      <th>Swiss_int</th>\n",
       "      <td>0.007093</td>\n",
       "      <td>0.248188</td>\n",
       "      <td>-0.211363</td>\n",
       "      <td>1.000000</td>\n",
       "      <td>-0.026051</td>\n",
       "      <td>0.125079</td>\n",
       "      <td>0.144488</td>\n",
       "      <td>0.102910</td>\n",
       "      <td>0.004276</td>\n",
       "      <td>-0.079655</td>\n",
       "      <td>-0.105423</td>\n",
       "      <td>-0.137961</td>\n",
       "    </tr>\n",
       "    <tr>\n",
       "      <th>AZC_123</th>\n",
       "      <td>-0.021577</td>\n",
       "      <td>0.045602</td>\n",
       "      <td>-0.009515</td>\n",
       "      <td>-0.026051</td>\n",
       "      <td>1.000000</td>\n",
       "      <td>0.442814</td>\n",
       "      <td>0.229172</td>\n",
       "      <td>0.216697</td>\n",
       "      <td>-0.149465</td>\n",
       "      <td>-0.177675</td>\n",
       "      <td>-0.200815</td>\n",
       "      <td>-0.161370</td>\n",
       "    </tr>\n",
       "    <tr>\n",
       "      <th>AZC_247</th>\n",
       "      <td>0.021383</td>\n",
       "      <td>0.120296</td>\n",
       "      <td>0.001471</td>\n",
       "      <td>0.125079</td>\n",
       "      <td>0.442814</td>\n",
       "      <td>1.000000</td>\n",
       "      <td>0.968356</td>\n",
       "      <td>0.949543</td>\n",
       "      <td>-0.229786</td>\n",
       "      <td>-0.293040</td>\n",
       "      <td>-0.276551</td>\n",
       "      <td>-0.256336</td>\n",
       "    </tr>\n",
       "    <tr>\n",
       "      <th>AZC_276</th>\n",
       "      <td>0.027391</td>\n",
       "      <td>0.125564</td>\n",
       "      <td>0.005106</td>\n",
       "      <td>0.144488</td>\n",
       "      <td>0.229172</td>\n",
       "      <td>0.968356</td>\n",
       "      <td>1.000000</td>\n",
       "      <td>0.979215</td>\n",
       "      <td>-0.196317</td>\n",
       "      <td>-0.260995</td>\n",
       "      <td>-0.232251</td>\n",
       "      <td>-0.220674</td>\n",
       "    </tr>\n",
       "    <tr>\n",
       "      <th>AZC_374</th>\n",
       "      <td>0.020443</td>\n",
       "      <td>0.116049</td>\n",
       "      <td>0.008758</td>\n",
       "      <td>0.102910</td>\n",
       "      <td>0.216697</td>\n",
       "      <td>0.949543</td>\n",
       "      <td>0.979215</td>\n",
       "      <td>1.000000</td>\n",
       "      <td>-0.180739</td>\n",
       "      <td>-0.242515</td>\n",
       "      <td>-0.216236</td>\n",
       "      <td>-0.200479</td>\n",
       "    </tr>\n",
       "    <tr>\n",
       "      <th>EUR</th>\n",
       "      <td>-0.014698</td>\n",
       "      <td>0.036962</td>\n",
       "      <td>-0.005436</td>\n",
       "      <td>0.004276</td>\n",
       "      <td>-0.149465</td>\n",
       "      <td>-0.229786</td>\n",
       "      <td>-0.196317</td>\n",
       "      <td>-0.180739</td>\n",
       "      <td>1.000000</td>\n",
       "      <td>0.618044</td>\n",
       "      <td>0.579642</td>\n",
       "      <td>0.718282</td>\n",
       "    </tr>\n",
       "    <tr>\n",
       "      <th>USD</th>\n",
       "      <td>0.000035</td>\n",
       "      <td>-0.010990</td>\n",
       "      <td>0.085072</td>\n",
       "      <td>-0.079655</td>\n",
       "      <td>-0.177675</td>\n",
       "      <td>-0.293040</td>\n",
       "      <td>-0.260995</td>\n",
       "      <td>-0.242515</td>\n",
       "      <td>0.618044</td>\n",
       "      <td>1.000000</td>\n",
       "      <td>0.748472</td>\n",
       "      <td>0.588030</td>\n",
       "    </tr>\n",
       "    <tr>\n",
       "      <th>JPY</th>\n",
       "      <td>0.002291</td>\n",
       "      <td>-0.019429</td>\n",
       "      <td>-0.007245</td>\n",
       "      <td>-0.105423</td>\n",
       "      <td>-0.200815</td>\n",
       "      <td>-0.276551</td>\n",
       "      <td>-0.232251</td>\n",
       "      <td>-0.216236</td>\n",
       "      <td>0.579642</td>\n",
       "      <td>0.748472</td>\n",
       "      <td>1.000000</td>\n",
       "      <td>0.620476</td>\n",
       "    </tr>\n",
       "    <tr>\n",
       "      <th>CHF</th>\n",
       "      <td>-0.006827</td>\n",
       "      <td>-0.035738</td>\n",
       "      <td>0.010961</td>\n",
       "      <td>-0.137961</td>\n",
       "      <td>-0.161370</td>\n",
       "      <td>-0.256336</td>\n",
       "      <td>-0.220674</td>\n",
       "      <td>-0.200479</td>\n",
       "      <td>0.718282</td>\n",
       "      <td>0.588030</td>\n",
       "      <td>0.620476</td>\n",
       "      <td>1.000000</td>\n",
       "    </tr>\n",
       "  </tbody>\n",
       "</table>\n",
       "</div>"
      ],
      "text/plain": [
       "            JPY_int   EUR_int    US_int  Swiss_int   AZC_123   AZC_247  \\\n",
       "JPY_int    1.000000  0.034142  0.010180   0.007093 -0.021577  0.021383   \n",
       "EUR_int    0.034142  1.000000  0.191119   0.248188  0.045602  0.120296   \n",
       "US_int     0.010180  0.191119  1.000000  -0.211363 -0.009515  0.001471   \n",
       "Swiss_int  0.007093  0.248188 -0.211363   1.000000 -0.026051  0.125079   \n",
       "AZC_123   -0.021577  0.045602 -0.009515  -0.026051  1.000000  0.442814   \n",
       "AZC_247    0.021383  0.120296  0.001471   0.125079  0.442814  1.000000   \n",
       "AZC_276    0.027391  0.125564  0.005106   0.144488  0.229172  0.968356   \n",
       "AZC_374    0.020443  0.116049  0.008758   0.102910  0.216697  0.949543   \n",
       "EUR       -0.014698  0.036962 -0.005436   0.004276 -0.149465 -0.229786   \n",
       "USD        0.000035 -0.010990  0.085072  -0.079655 -0.177675 -0.293040   \n",
       "JPY        0.002291 -0.019429 -0.007245  -0.105423 -0.200815 -0.276551   \n",
       "CHF       -0.006827 -0.035738  0.010961  -0.137961 -0.161370 -0.256336   \n",
       "\n",
       "            AZC_276   AZC_374       EUR       USD       JPY       CHF  \n",
       "JPY_int    0.027391  0.020443 -0.014698  0.000035  0.002291 -0.006827  \n",
       "EUR_int    0.125564  0.116049  0.036962 -0.010990 -0.019429 -0.035738  \n",
       "US_int     0.005106  0.008758 -0.005436  0.085072 -0.007245  0.010961  \n",
       "Swiss_int  0.144488  0.102910  0.004276 -0.079655 -0.105423 -0.137961  \n",
       "AZC_123    0.229172  0.216697 -0.149465 -0.177675 -0.200815 -0.161370  \n",
       "AZC_247    0.968356  0.949543 -0.229786 -0.293040 -0.276551 -0.256336  \n",
       "AZC_276    1.000000  0.979215 -0.196317 -0.260995 -0.232251 -0.220674  \n",
       "AZC_374    0.979215  1.000000 -0.180739 -0.242515 -0.216236 -0.200479  \n",
       "EUR       -0.196317 -0.180739  1.000000  0.618044  0.579642  0.718282  \n",
       "USD       -0.260995 -0.242515  0.618044  1.000000  0.748472  0.588030  \n",
       "JPY       -0.232251 -0.216236  0.579642  0.748472  1.000000  0.620476  \n",
       "CHF       -0.220674 -0.200479  0.718282  0.588030  0.620476  1.000000  "
      ]
     },
     "execution_count": 12,
     "metadata": {},
     "output_type": "execute_result"
    }
   ],
   "source": [
    "port3_corr_matrix = risk_factors.corr()\n",
    "port3_corr_matrix"
   ]
  },
  {
   "cell_type": "code",
   "execution_count": 13,
   "metadata": {},
   "outputs": [],
   "source": [
    "\n",
    "import seaborn as sns\n",
    "\n",
    "\n",
    "# plot the heatmap\n",
    "sns.heatmap(port3_corr_matrix, \n",
    "        xticklabels=port3_corr_matrix.columns,\n",
    "        yticklabels=port3_corr_matrix.columns);"
   ]
  },
  {
   "cell_type": "code",
   "execution_count": 14,
   "metadata": {},
   "outputs": [],
   "source": [
    "X_vector = (12337442.756991776,\n",
    " 32622283.410038706,\n",
    " 36427092.77693612,\n",
    " 52401188.69995191,\n",
    " -37185259.07339107,\n",
    " -32051449.250247642,\n",
    " -10872275.75076288,\n",
    " -46862310.958941005,\n",
    " 7464443.980947368,\n",
    " -6373648.89048277,\n",
    " 3946513.9793219515,\n",
    " 5538877.741010912)"
   ]
  },
  {
   "cell_type": "code",
   "execution_count": 15,
   "metadata": {},
   "outputs": [
    {
     "data": {
      "text/plain": [
       "JPY_int       -0.003272\n",
       "EUR_int        0.060747\n",
       "US_int        -0.133956\n",
       "Swiss_int     -0.083473\n",
       "AZC_123       -1.861657\n",
       "AZC_247       -9.833268\n",
       "AZC_276      -13.245742\n",
       "AZC_374      -20.134284\n",
       "EUR          479.317248\n",
       "USD          311.129624\n",
       "JPY          563.551801\n",
       "CHF          626.750339\n",
       "dtype: float64"
      ]
     },
     "execution_count": 15,
     "metadata": {},
     "output_type": "execute_result"
    }
   ],
   "source": [
    "cov_matrix = port3_cov_matrix\n",
    "\n",
    "Covar_X = cov_matrix.dot(X_vector)\n",
    "Covar_X"
   ]
  },
  {
   "cell_type": "code",
   "execution_count": 16,
   "metadata": {},
   "outputs": [
    {
     "data": {
      "text/plain": [
       "8754999080.36054"
      ]
     },
     "execution_count": 16,
     "metadata": {},
     "output_type": "execute_result"
    }
   ],
   "source": [
    "X_Covar_X = Covar_X.dot(X_vector)\n",
    "X_Covar_X"
   ]
  },
  {
   "cell_type": "code",
   "execution_count": 17,
   "metadata": {},
   "outputs": [
    {
     "data": {
      "text/plain": [
       "93568.15206233658"
      ]
     },
     "execution_count": 17,
     "metadata": {},
     "output_type": "execute_result"
    }
   ],
   "source": [
    "sqrt_covar = np.sqrt(X_Covar_X)\n",
    "sqrt_covar"
   ]
  },
  {
   "cell_type": "code",
   "execution_count": 68,
   "metadata": {},
   "outputs": [],
   "source": [
    "chol1 = np.linalg.cholesky(cov_matrix)\n",
    "\n",
    "for r_index, row in enumerate(chol1):\n",
    "    for c_index, col in enumerate(row):\n",
    "        # ensures we're in the bottom half of the board\n",
    "        if c_index <= len(chol1[0])/2 or r_index <= len(chol1)/2:\n",
    "            chol1[r_index][c_index] = chol1[c_index][r_index]\n",
